[Profile 1]
BluetoothPort=COM1,57600
FirmwareBuildInfo=huhuX
FirmwareDate=2007-09-09 12:01:02
FirmwareVersion=0.9
GPS1=6469000.44;700000.00
GPS2=6469000.00;700010.00
IMEI=352540003643474
Name=Tartu
Server=192.168.11.10:5002
SupplyVoltage=25.100000
[Profile 2]
BluetoothPort=COM1,57600
FirmwareBuildInfo=huhu
FirmwareDate=2007-09-09 12:01:02
FirmwareVersion=0.9
GPS1=6468000.00;700000.00
GPS2=6468000.00;700010.00
IMEI=352540003641403
Name=Velsa 1
Server=192.168.11.10:5002
SupplyVoltage=26.100000
[Profile 3]
BluetoothPort=COM1,57600
FirmwareBuildInfo=huhu
FirmwareDate=2007-09-09 12:01:02
FirmwareVersion=0.9
GPS1=6468000;700000
GPS2=6468000;700010
IMEI=352540003642161
Name=Wille
Server=192.168.11.10:5002
SupplyVoltage=27.1
[Profile 4]
BluetoothPort=COM5,57600
FirmwareBuildInfo=huhu
FirmwareDate=2007-09-09 12:01:02
FirmwareVersion=0.9
GPS1=6468000;700000
GPS2=6468000;700010
IMEI=12345
Name=Peeter
Server=192.168.11.10:5002
SupplyVoltage=27.1
